0.4690750116198794 0.13998191288854 0.04013742839176104 
0.8994443131594101 0.35504117500640864 0.3323022265411546 0.22189681706347208 0.12497371187223383 
0.5914128729435189 0.47656498136929315 0.4615176614673522 0.30519169403899404 0.13327424590282777 
0.8004222287513374 0.7619993116907529 0.6024682494446023 0.5615963904849504 0.35804685248316237 0.3347394980495191 0.023368594271477194 
0.6214360277156525 0.5459002062300244 0.46584110033417025 0.32540826616131113 
0.7564443060876778 0.6832891247644 0.5797026221503512 0.4513713466825737 0.18986793511376931 0.18420033150798165 0.06245698445786729 
0.8230425885144703 0.3781386699741627 0.2641540364758108 0.04901155082716513 0.037533024625213685 0.029984065960613204 
0.9154027953997241 0.8594124229481908 0.8340792544369833 0.6813622114922282 0.45661762819771523 0.3276751751443352 
0.9402354802753274 0.8419750398645958 0.7140905635413997 0.7078062531392764 0.7040290418837127 0.6015214791466523 0.5864439240568273 0.41535644504538705 0.03298171387973525 
0.6272321247651966 0.3082097544416904 0.252224274467302 
0.9671964727137432 0.92966939453484 0.9136323125330057 0.6481538243898388 0.3038204889929532 0.27609973574355906 0.22797620646268757 0.1752281654044836 
0.983998481013892 0.8025302057468433 0.6640316827337605 0.3442218419927574 0.2992914050318678 0.21138568480451903 0.0329158519408288 0.015351141999288886 
0.9497722887377436 0.6550173417966101 0.6235203845963255 0.4935074552522689 0.48582608858096954 0.3211434984203563 0.10033599087559297 0.08239376449142433 
0.908035810063947 0.7769162155230387 0.3617959247412814 0.32845434691096154 
0.9343692966170811 0.8236608987452179 0.7770688901712386 0.6986329352611156 0.4026718403966143 
0.8230496252972535 0.6323500003144229 0.3904709938459523 0.2849557578298445 0.21120573523118713 0.09089271298692259 
0.8320960680831657 0.7178539364372489 0.6754463313413774 0.6444693826724162 0.5251142679007748 0.48282752294289955 0.3135226815624004 0.2785418612987556 
0.9669141287121747 0.9272558689196644 0.9106408330860924 0.7733285110725792 0.1725012859366506 0.16493328896583792 0.14735302313624854 0.1328616015472437 0.110549363054947 0.08012880238874698 
0.9787153261937245 0.8764682678439066 0.6026942409514189 0.5463217103436369 0.5349024280850583 0.5270381997249134 0.36000074984330777 0.09627789396876962 
0.8004941013420803 0.7241147875709721 0.7007204388674069 0.6715093805665164 0.4747683630813697 0.31427544289654685 0.3097811395894874 0.2635357423001057 0.16321296386474504 
0.905030261144937 0.8029563371893946 0.7527966081647002 0.1647018475442319 0.06092460335211913 
0.8604989856552325 0.7448441357676248 0.6676293687762622 0.37085246540576033 0.355158159332172 0.24961473391022215 0.242756779611494 
0.9793727432008665 0.8944742669436185 0.7722087160509925 0.51133068439727 0.4032395127542381 0.2895354376357091 0.0123092726859384 
0.9488410835302106 0.8832521941851432 0.8629593298179392 0.7179836769213483 0.6943083966963397 0.6794627846243606 0.6389282144495232 0.49478372564984197 0.4284314859629377 0.2816251267931491 
0.6791034056913223 0.3882975102124506 0.3541340766169798 
0.8765757058302084 0.5958561005784595 0.5237546223083718 0.2026740918835177 
0.7611452495613924 0.46848426030184 0.4075150697166037 0.4061200962627509 0.1489043351982664 
0.7167342933178469 0.685427919022717 0.6615511046717839 0.5885570631500496 0.34695584159311643 0.33827682766234934 0.3176055526960271 0.20542167630024544 0.17780401508961474 
0.9590048333765608 0.6971935416319885 0.4847847283527411 0.3843202919073676 0.2416686674776296 0.15755580283220905 
0.8042374126348713 0.7510013179370052 0.7327870312453855 0.5333280630465034 0.230277587891641 0.2026067861145131 0.04740439518636452 
0.7563651679830934 0.3908156839800805 0.01764755876976931 
0.9779488924701236 0.947379999780948 0.9080194224222595 0.7896341391440429 0.6915817314214847 0.4433806982980568 0.22095432900464695 
0.9163175102325785 0.792982004527057 0.7161648751455545 0.5398376314618953 0.43154634778707646 0.01918769117712449 0.014818413448603351 
0.5586498076113353 0.2610071930084408 0.060962580794055254 0.009615763461654492 
0.8918293771980876 0.8703359754652129 0.7611576305989614 0.7521143771481194 0.49319457375867093 0.49052374973833324 0.45778248982333203 0.14824387464748878 0.06458482970241364 
0.6671569988801354 0.6186767393082593 0.4795436729204212 0.4532079777008666 0.1569987514797393 
0.9433562418815218 0.6522951088272089 0.5954503961186002 0.4263867573637603 0.35816242975289336 0.18121489149277292 0.1648907673853437 0.07481229782525745 
0.8476623760758071 0.8085987958057248 0.678825716551892 0.6418097956886761 0.4864775766340539 0.47167608390529314 0.3952864545028665 0.2929795739118215 
0.7104673643874391 0.5563792014467517 0.5482331153253008 0.2596651686226512 
0.9126479115577268 0.8738336211155637 0.5930613777354135 0.5091482561724736 0.5035761403610655 0.3621453215294683 0.32637473476194323 
0.683227816751387 0.23679952993493059 0.08134191250480116 0.009978015584893418 
0.8361141871291786 0.6334275422433271 0.5878573473691069 0.5567832988377994 0.5172165124658035 0.5073138458616075 0.5037093097907099 0.474230496456961 0.22818098620647742 
0.7706860127522162 0.7626472134812403 0.7320332834489067 0.5984788694474588 0.4000208034596091 0.18344054247815822 0.00373522041273322 
0.8877918626919483 0.4024700052739205 0.15736207084296971 0.1153174840172837 0.11492864492953703 0.021205647124965976 
0.9159995305082669 0.8439976008204435 0.336896979012417 
0.9458131496857793 0.8555456617711825 0.8082138579563194 0.5810898616723525 0.3902272242923932 0.3815128102159302 0.14001658121804827 0.11934725833187954 0.06968495595922675 
0.9362680386514066 0.481702131685539 0.21305344014452343 0.08572049051409536 
0.9759563248523586 0.8542406091821726 0.8473288812523532 0.8461842784432754 0.5742869752095394 0.3330255828685682 0.3261404261668106 0.25994931383377495 0.003038042877986591 
0.9081489067853743 0.8858135566466943 0.5749843485426189 0.5593143327668482 0.4089367153327468 0.2841226258401197 0.22082845069684587 0.13982626901846884 0.13625542591630868 0.09174482387638605 
0.5034857534821302 0.32814920792144275 0.20637290278357256 
0.9600736527416898 0.8020866286430597 0.6544820599177203 0.5153243013282736 0.1268376698551934 0.08075590454005566 
0.5825785848116256 0.45264784604840136 0.154163330789451 
0.9050089471883158 0.8197202441446845 0.7556742555816436 
0.8265921134541114 0.43361547381073273 0.40040002885713344 0.051058645371142575 
0.836885072370879 0.662300350991343 0.34392341276446325 0.32956811892182514 0.27699171719029203 
0.8959557655084445 0.8823226210838719 0.39647777322469824 
0.9342691817765791 0.8915032155976572 0.7484269511333221 0.4752903403585673 0.45124768897470724 0.35500374280555946 0.32836409987294934 0.04599012923010748 0.021656576726754695 
0.9306991920612333 0.8340166953215635 0.8295190777356476 0.7550121327234023 0.4523112348670115 0.44444235475659544 0.3269610633596922 0.19292478227745113 0.10941232930459077 0.032940736178385555 
0.9624136898479101 0.7605127136020435 0.7168719184672285 0.7130847214503448 0.551136941935805 0.5427057762153431 0.2023809565142174 0.10627740781840278 0.00728892729588293 
0.8510964774125724 0.799324680672004 0.6912640581682143 
0.6871491262269582 0.6319821141622619 0.08622091446356728 0.02988639553266048 
0.8738457464093099 0.5372052732954324 0.44781828039740423 0.14954280674453768 
0.673144735569714 0.4751165975941414 0.4280124693527434 0.33119646324392127 
0.9480998058030787 0.6850576019247436 0.5604616135755112 0.43298773140607927 0.31310098167161815 0.13232267307421997 
0.6554056374057293 0.5600806569797379 0.5452589941844173 0.323028718609603 0.2923357269289104 0.22220005343368343 0.21107310287172476 0.19824601000382547 0.10662882977843835 0.06798573050227152 
0.7312938832773324 0.6057751056920864 0.18569417040364167 0.12045501214829346 0.08434192387250827 
0.9125271351472055 0.8910063533590884 0.4814377748761227 0.4409830944439237 0.3915778189106205 0.22452456880905003 
0.9092807499022764 0.6567375352429963 0.5628356636034817 0.5535454300684646 0.5329330096339013 0.5088106977736748 0.4123621807513771 0.2744849705423069 0.21996459585445405 
0.9423710095042772 0.5107360837126287 0.5038381479421146 0.4119466650872834 0.15888657308317056 
0.8843197891217036 0.8715262413535221 0.5242451955943077 0.3964885207427684 0.3373022149671443 0.20098007226697345 
0.9701423489262446 0.7205477596470811 0.5068651264868074 0.4490302316739778 0.19358915093623308 0.020912079819197738 0.005026489061239481 
0.9255932663634927 0.8352752698534822 0.6549894626927293 0.6467512117797289 0.3917280715073954 0.3610841068099724 0.22371555561286893 
0.8548098690724775 0.7575865459186395 0.4985631171981695 0.46983363292846114 0.3862916439334114 0.158701196300574 0.02856651354853912 
0.9713789792822942 0.7038712152492654 0.6296499367287092 0.32092090028239384 0.28271706288382203 
0.9469250827132842 0.7482278201902304 0.4520810089640481 0.1591972915054396 0.14270927842305126 
0.8391912615880424 0.7730030252139324 0.7300181969739279 0.6688513797432449 0.6362753085795163 0.42236202316996874 0.3602840175588158 0.2472295431117435 0.16356991681425548 0.12765831210077216 
0.691018252209326 0.4310231221049148 0.2752524604250215 0.09570406386122365 0.08709594253322095 0.06984642905878502 
0.9541589210586348 0.8782896201000581 0.6229737218159794 0.6214541324059624 0.5283435842913669 0.5084664357868662 0.2651720567781404 0.14361081123687924 0.10933301123524863 
0.7392957954396766 0.3089014031540587 0.0996777196049945 
0.765508361014656 0.7118358246739751 0.6162463863248206 0.3931380446677746 0.22612605410483377 0.016710549752409598 
0.957375768958995 0.9409963276406106 0.9151287820666598 0.8926970493391526 0.4817455209624426 0.3886880470222551 0.2670209701991515 0.06631981753665639 
0.6584291399330795 0.6218994868617524 0.5090825355308795 0.5081340131954666 0.2668237891371865 0.08173678970962217 
0.9464035779134596 0.9348701212984099 0.8740339813157065 0.8628386339341572 0.8566679230324763 0.6924232386433196 0.31510623816729644 0.3075392295993358 0.13621141526092617 0.10615650676550903 
0.8688697836048427 0.5730898348680418 0.5304112325158075 0.5267793704492969 0.28873843878749716 0.2506191648035603 0.18831363249861677 0.084785655630089 0.020684794096426096 
0.6281870785708934 0.2249898534304282 0.041715006869945226 
0.9738796842190895 0.965168990394474 0.8095699027045558 0.6712993684238975 0.6636521411728191 0.6436808080567478 0.27963293218485874 0.21664403318770953 0.05407647641678204 0.0380973957904307 
0.9819105610315122 0.6648521579201478 0.5997617847896652 0.34390423242652246 0.31130172716093774 0.26561754861552234 0.1450736597404909 
0.5423965432732303 0.3478851515245618 0.1284994853619057 
0.9352444854879471 0.5510060321225123 0.3753265819196756 0.3268099484837341 0.16212322404811874 0.1511341464078797 0.14785707915639645 0.08094602903173254 
0.8010692513195836 0.7107612522925884 0.624144178872714 0.5787470897269165 0.35747370581913884 0.3092035222977467 0.08613696328330578 
0.9724551683266871 0.9074713540987971 0.7933893341407889 0.5298353044076631 
0.9041004890777717 0.8872238253329248 0.6148029609480032 0.5607471451634971 0.3434479399006942 0.32291567286603096 0.15139957725967124 0.13436920482088266 0.03221429838228107 0.0276988420840103 
0.8672543102027763 0.6653971081778398 0.6541623747547018 0.6512440838421067 0.5323631497390473 0.2668251987889403 0.263779606486384 0.2303020465279464 0.18844468572013517 0.04944055966550476 
0.8810087999055483 0.7598573610433468 0.6379858167956454 0.5538607970735434 0.5537399140024324 0.32050265667237876 0.19760421025540276 0.1410541799546805 0.08894677624514702 
0.9872704759659741 0.9804693863879941 0.9282443152451725 0.8623248458771322 0.4950421218130543 
0.9512833004303789 0.7291808775485584 0.6096025095254645 0.5061313913363008 0.43543837292756216 0.28314473448340594 0.16276493942854486 0.1463351901298986 0.036179894727199846 0.010423828579077199 
0.9503140762493325 0.8759164785929441 0.8299298084687887 0.6553731264012952 0.624070267719915 0.39660518688526625 0.18281528416310255 
0.7202297522137671 0.48326450039134605 0.28442128020200075 0.08122828172044816 0.07277144337706498 0.054084444946292276 
0.9098796053083826 0.8372766159096703 0.7974883907048957 0.5573517302652222 0.527541432789961 0.4564766295154268 0.39670322216412135 0.2661093701649513 0.24134496868975286 6.398221118164571e-5 
0.9666520467339266 0.8205232328018661 0.7547720697019074 0.695937246422693 0.6130198915462239 0.4831437833925496 0.3099828448991786 0.24221941939011726 0.17688518650628526 0.09819876862974053 
